6.900000000000000000e+01 2.199999999999999872e-02 1.199999999999999956e-01 5.399999999999999939e-02 2.100000000000000193e-09 9.499999999999999556e-01
6.822674707731563615e+01 2.177293232677686430e-02 1.212852163963038382e-01 7.373090656510211671e-02 2.191793596496341940e-09 9.484158126095872943e-01
6.822674707731563615e+01 2.177293232677686430e-02 1.212852163963038382e-01 7.373090656510211671e-02 2.191793596496341940e-09 9.484158126095872943e-01
6.770176560344893346e+01 2.178628786277853058e-02 1.225355880009615511e-01 5.278115869428474938e-02 2.106048230240676012e-09 9.462131015244085175e-01
6.770176560344893346e+01 2.178628786277853058e-02 1.225355880009615511e-01 5.278115869428474938e-02 2.106048230240676012e-09 9.462131015244085175e-01
6.738383375269471287e+01 2.170263014587360539e-02 1.230954097199919439e-01 7.057829061720823083e-02 2.184678781465548039e-09 9.465429234310952511e-01
6.708905395271814598e+01 2.184775940397861924e-02 1.242445938277815520e-01 5.699256013423985301e-02 2.132375424945470002e-09 9.472037763016138978e-01
6.699355756951636920e+01 2.184135047936400925e-02 1.240293984005661349e-01 4.197316194923957078e-02 2.064329449442042146e-09 9.467103020858746998e-01
6.699355756951636920e+01 2.184135047936400925e-02 1.240293984005661349e-01 4.197316194923957078e-02 2.064329449442042146e-09 9.467103020858746998e-01
6.699355756951636920e+01 2.184135047936400925e-02 1.240293984005661349e-01 4.197316194923957078e-02 2.064329449442042146e-09 9.467103020858746998e-01
6.699355756951636920e+01 2.184135047936400925e-02 1.240293984005661349e-01 4.197316194923957078e-02 2.064329449442042146e-09 9.467103020858746998e-01
6.699355756951636920e+01 2.184135047936400925e-02 1.240293984005661349e-01 4.197316194923957078e-02 2.064329449442042146e-09 9.467103020858746998e-01
6.699355756951636920e+01 2.184135047936400925e-02 1.240293984005661349e-01 4.197316194923957078e-02 2.064329449442042146e-09 9.467103020858746998e-01
6.520631703356697528e+01 2.149061732994675400e-02 1.271892138182225962e-01 6.895639860324037640e-02 2.190548252312602512e-09 9.443056425549798405e-01
6.511232792059269059e+01 2.149597308759119627e-02 1.271829200098607004e-01 7.048891313127216007e-02 2.195487940711348608e-09 9.450653200511569541e-01
6.511232792059269059e+01 2.149597308759119627e-02 1.271829200098607004e-01 7.048891313127216007e-02 2.195487940711348608e-09 9.450653200511569541e-01
6.577397927180797410e+01 2.165298075047793896e-02 1.252596102726480365e-01 9.069076286361185679e-02 2.273045267262159088e-09 9.485570390731350443e-01
6.577397927180797410e+01 2.165298075047793896e-02 1.252596102726480365e-01 9.069076286361185679e-02 2.273045267262159088e-09 9.485570390731350443e-01
6.510393827537164668e+01 2.149620658372158877e-02 1.268526468825499631e-01 5.653391374873011771e-02 2.132320997166679592e-09 9.465833048198880606e-01
6.510393827537164668e+01 2.149620658372158877e-02 1.268526468825499631e-01 5.653391374873011771e-02 2.132320997166679592e-09 9.465833048198880606e-01
6.621969567368844878e+01 2.177651933791963090e-02 1.244061091932765206e-01 7.644760115489689090e-02 2.209418418417809043e-09 9.488123192037581921e-01
6.621969567368844878e+01 2.177651933791963090e-02 1.244061091932765206e-01 7.644760115489689090e-02 2.209418418417809043e-09 9.488123192037581921e-01
6.621969567368844878e+01 2.177651933791963090e-02 1.244061091932765206e-01 7.644760115489689090e-02 2.209418418417809043e-09 9.488123192037581921e-01
6.621969567368844878e+01 2.177651933791963090e-02 1.244061091932765206e-01 7.644760115489689090e-02 2.209418418417809043e-09 9.488123192037581921e-01
6.621969567368844878e+01 2.177651933791963090e-02 1.244061091932765206e-01 7.644760115489689090e-02 2.209418418417809043e-09 9.488123192037581921e-01
6.623769144330591985e+01 2.168622189497134908e-02 1.240490816768986398e-01 4.697231032435091047e-02 2.079267057698489194e-09 9.502277122070686977e-01
6.623769144330591985e+01 2.168622189497134908e-02 1.240490816768986398e-01 4.697231032435091047e-02 2.079267057698489194e-09 9.502277122070686977e-01
6.623769144330591985e+01 2.168622189497134908e-02 1.240490816768986398e-01 4.697231032435091047e-02 2.079267057698489194e-09 9.502277122070686977e-01
6.623769144330591985e+01 2.168622189497134908e-02 1.240490816768986398e-01 4.697231032435091047e-02 2.079267057698489194e-09 9.502277122070686977e-01
6.673652072035113747e+01 2.166241747369091267e-02 1.226242571993051977e-01 8.007038148448430981e-02 2.215910398150393726e-09 9.546635619065942935e-01
6.673652072035113747e+01 2.166241747369091267e-02 1.226242571993051977e-01 8.007038148448430981e-02 2.215910398150393726e-09 9.546635619065942935e-01
6.709591721706681255e+01 2.193503996664962832e-02 1.216266608245122893e-01 8.146627685847430966e-02 2.215483324137023674e-09 9.550712776143623906e-01
6.709591721706681255e+01 2.193503996664962832e-02 1.216266608245122893e-01 8.146627685847430966e-02 2.215483324137023674e-09 9.550712776143623906e-01
6.709591721706681255e+01 2.193503996664962832e-02 1.216266608245122893e-01 8.146627685847430966e-02 2.215483324137023674e-09 9.550712776143623906e-01
6.699637881296752084e+01 2.194566152160161779e-02 1.216880256758540307e-01 9.115169210563044133e-02 2.260831060125601694e-09 9.544778327742645674e-01
6.699637881296752084e+01 2.194566152160161779e-02 1.216880256758540307e-01 9.115169210563044133e-02 2.260831060125601694e-09 9.544778327742645674e-01
6.699637881296752084e+01 2.194566152160161779e-02 1.216880256758540307e-01 9.115169210563044133e-02 2.260831060125601694e-09 9.544778327742645674e-01
6.699637881296752084e+01 2.194566152160161779e-02 1.216880256758540307e-01 9.115169210563044133e-02 2.260831060125601694e-09 9.544778327742645674e-01
6.554651901572036365e+01 2.179716280536886722e-02 1.246349630384830931e-01 4.278188355092044093e-02 2.068367668937679365e-09 9.490323688465491792e-01
6.554651901572036365e+01 2.179716280536886722e-02 1.246349630384830931e-01 4.278188355092044093e-02 2.068367668937679365e-09 9.490323688465491792e-01
6.322311230232696033e+01 2.151167806799379051e-02 1.297559450392308800e-01 2.854420492533184250e-02 2.035442345054471247e-09 9.395968993663691426e-01
6.322311230232696033e+01 2.151167806799379051e-02 1.297559450392308800e-01 2.854420492533184250e-02 2.035442345054471247e-09 9.395968993663691426e-01
6.356063202630245712e+01 2.156940641460341340e-02 1.288831313612426310e-01 3.223314488519535281e-02 2.045857964811984885e-09 9.418890977232105000e-01
6.356063202630245712e+01 2.156940641460341340e-02 1.288831313612426310e-01 3.223314488519535281e-02 2.045857964811984885e-09 9.418890977232105000e-01
6.252253067304298639e+01 2.131467563805776108e-02 1.313392864370176993e-01 4.684062184275759183e-02 2.119504597149092023e-09 9.397249098875479767e-01
6.252253067304298639e+01 2.131467563805776108e-02 1.313392864370176993e-01 4.684062184275759183e-02 2.119504597149092023e-09 9.397249098875479767e-01
6.182236442278392019e+01 2.121518460526429853e-02 1.321437792930345301e-01 6.277504717847957882e-02 2.190517618874796704e-09 9.373951509132043558e-01
6.182236442278392019e+01 2.121518460526429853e-02 1.321437792930345301e-01 6.277504717847957882e-02 2.190517618874796704e-09 9.373951509132043558e-01
6.182236442278392019e+01 2.121518460526429853e-02 1.321437792930345301e-01 6.277504717847957882e-02 2.190517618874796704e-09 9.373951509132043558e-01
6.251075073610530808e+01 2.120406683244975207e-02 1.303805609069842719e-01 4.340324840487051750e-02 2.098012067775405891e-09 9.413285114411716892e-01
6.141370381582272842e+01 2.134453822890897134e-02 1.338331696331504228e-01 5.034201788002539563e-02 2.144576926565375517e-09 9.377149173230540091e-01
6.151838802643806758e+01 2.149476151050019879e-02 1.340234242730743153e-01 4.709975785172385715e-02 2.131545535183817533e-09 9.374008463563312521e-01
6.151838802643806758e+01 2.149476151050019879e-02 1.340234242730743153e-01 4.709975785172385715e-02 2.131545535183817533e-09 9.374008463563312521e-01
6.151838802643806758e+01 2.149476151050019879e-02 1.340234242730743153e-01 4.709975785172385715e-02 2.131545535183817533e-09 9.374008463563312521e-01
6.151838802643806758e+01 2.149476151050019879e-02 1.340234242730743153e-01 4.709975785172385715e-02 2.131545535183817533e-09 9.374008463563312521e-01
6.151838802643806758e+01 2.149476151050019879e-02 1.340234242730743153e-01 4.709975785172385715e-02 2.131545535183817533e-09 9.374008463563312521e-01
6.151838802643806758e+01 2.149476151050019879e-02 1.340234242730743153e-01 4.709975785172385715e-02 2.131545535183817533e-09 9.374008463563312521e-01
6.332653902817937563e+01 2.175972071625360479e-02 1.301579589366669287e-01 6.278424002651900038e-02 2.178246171329806261e-09 9.469580885278219284e-01
6.332653902817937563e+01 2.175972071625360479e-02 1.301579589366669287e-01 6.278424002651900038e-02 2.178246171329806261e-09 9.469580885278219284e-01
6.332653902817937563e+01 2.175972071625360479e-02 1.301579589366669287e-01 6.278424002651900038e-02 2.178246171329806261e-09 9.469580885278219284e-01
6.332653902817937563e+01 2.175972071625360479e-02 1.301579589366669287e-01 6.278424002651900038e-02 2.178246171329806261e-09 9.469580885278219284e-01
6.381717462969238852e+01 2.190597572983490893e-02 1.291232764755388673e-01 6.059513749489934403e-02 2.165152083087713724e-09 9.493235142404879978e-01
6.381717462969238852e+01 2.190597572983490893e-02 1.291232764755388673e-01 6.059513749489934403e-02 2.165152083087713724e-09 9.493235142404879978e-01
6.381717462969238852e+01 2.190597572983490893e-02 1.291232764755388673e-01 6.059513749489934403e-02 2.165152083087713724e-09 9.493235142404879978e-01
6.381717462969238852e+01 2.190597572983490893e-02 1.291232764755388673e-01 6.059513749489934403e-02 2.165152083087713724e-09 9.493235142404879978e-01
6.381717462969238852e+01 2.190597572983490893e-02 1.291232764755388673e-01 6.059513749489934403e-02 2.165152083087713724e-09 9.493235142404879978e-01
6.350861279289974703e+01 2.171358229785804589e-02 1.295291160142245102e-01 4.749458630851791791e-02 2.113272627865022452e-09 9.477892655009738654e-01
6.350861279289974703e+01 2.171358229785804589e-02 1.295291160142245102e-01 4.749458630851791791e-02 2.113272627865022452e-09 9.477892655009738654e-01
6.350861279289974703e+01 2.171358229785804589e-02 1.295291160142245102e-01 4.749458630851791791e-02 2.113272627865022452e-09 9.477892655009738654e-01
6.350861279289974703e+01 2.171358229785804589e-02 1.295291160142245102e-01 4.749458630851791791e-02 2.113272627865022452e-09 9.477892655009738654e-01
6.350861279289974703e+01 2.171358229785804589e-02 1.295291160142245102e-01 4.749458630851791791e-02 2.113272627865022452e-09 9.477892655009738654e-01
6.350861279289974703e+01 2.171358229785804589e-02 1.295291160142245102e-01 4.749458630851791791e-02 2.113272627865022452e-09 9.477892655009738654e-01
6.350861279289974703e+01 2.171358229785804589e-02 1.295291160142245102e-01 4.749458630851791791e-02 2.113272627865022452e-09 9.477892655009738654e-01
6.350861279289974703e+01 2.171358229785804589e-02 1.295291160142245102e-01 4.749458630851791791e-02 2.113272627865022452e-09 9.477892655009738654e-01
6.350861279289974703e+01 2.171358229785804589e-02 1.295291160142245102e-01 4.749458630851791791e-02 2.113272627865022452e-09 9.477892655009738654e-01
6.350861279289974703e+01 2.171358229785804589e-02 1.295291160142245102e-01 4.749458630851791791e-02 2.113272627865022452e-09 9.477892655009738654e-01
6.350861279289974703e+01 2.171358229785804589e-02 1.295291160142245102e-01 4.749458630851791791e-02 2.113272627865022452e-09 9.477892655009738654e-01
6.350861279289974703e+01 2.171358229785804589e-02 1.295291160142245102e-01 4.749458630851791791e-02 2.113272627865022452e-09 9.477892655009738654e-01
6.372855414483959891e+01 2.171893877310729359e-02 1.287611905862683648e-01 7.068016465330995146e-02 2.211235643946807013e-09 9.490625891181618812e-01
6.372855414483959891e+01 2.171893877310729359e-02 1.287611905862683648e-01 7.068016465330995146e-02 2.211235643946807013e-09 9.490625891181618812e-01
6.381148745529779376e+01 2.171086567195289543e-02 1.285052911246384599e-01 6.844701227697526369e-02 2.205574087464937184e-09 9.477918165711005649e-01
6.381148745529779376e+01 2.171086567195289543e-02 1.285052911246384599e-01 6.844701227697526369e-02 2.205574087464937184e-09 9.477918165711005649e-01
6.352757020804152432e+01 2.159833599998024420e-02 1.289553969354456930e-01 4.042658371235509362e-02 2.084122294031751616e-09 9.491880686974857317e-01
6.339814329533555082e+01 2.177763160635849682e-02 1.293975932863069556e-01 5.916718556697538045e-02 2.164806892584668196e-09 9.480691291680785060e-01
6.339814329533555082e+01 2.177763160635849682e-02 1.293975932863069556e-01 5.916718556697538045e-02 2.164806892584668196e-09 9.480691291680785060e-01
6.339814329533555082e+01 2.177763160635849682e-02 1.293975932863069556e-01 5.916718556697538045e-02 2.164806892584668196e-09 9.480691291680785060e-01
6.339814329533555082e+01 2.177763160635849682e-02 1.293975932863069556e-01 5.916718556697538045e-02 2.164806892584668196e-09 9.480691291680785060e-01
6.339814329533555082e+01 2.177763160635849682e-02 1.293975932863069556e-01 5.916718556697538045e-02 2.164806892584668196e-09 9.480691291680785060e-01
6.339814329533555082e+01 2.177763160635849682e-02 1.293975932863069556e-01 5.916718556697538045e-02 2.164806892584668196e-09 9.480691291680785060e-01
6.339814329533555082e+01 2.177763160635849682e-02 1.293975932863069556e-01 5.916718556697538045e-02 2.164806892584668196e-09 9.480691291680785060e-01
6.339814329533555082e+01 2.177763160635849682e-02 1.293975932863069556e-01 5.916718556697538045e-02 2.164806892584668196e-09 9.480691291680785060e-01
6.339814329533555082e+01 2.177763160635849682e-02 1.293975932863069556e-01 5.916718556697538045e-02 2.164806892584668196e-09 9.480691291680785060e-01
6.430003844911023236e+01 2.188071322709272265e-02 1.274636143578395664e-01 4.151204257694750266e-02 2.078380385302286508e-09 9.512135857777419545e-01
6.430003844911023236e+01 2.188071322709272265e-02 1.274636143578395664e-01 4.151204257694750266e-02 2.078380385302286508e-09 9.512135857777419545e-01
6.564880916229522256e+01 2.200725427317829636e-02 1.238326221201358629e-01 8.029768535582876288e-02 2.221966653629665733e-09 9.642898125313733582e-01
6.564880916229522256e+01 2.200725427317829636e-02 1.238326221201358629e-01 8.029768535582876288e-02 2.221966653629665733e-09 9.642898125313733582e-01
6.564880916229522256e+01 2.200725427317829636e-02 1.238326221201358629e-01 8.029768535582876288e-02 2.221966653629665733e-09 9.642898125313733582e-01
6.571469999890389602e+01 2.207936714264058589e-02 1.239138124432305754e-01 5.717016716782043206e-02 2.118347004617315257e-09 9.643594329068697624e-01
6.571469999890389602e+01 2.207936714264058589e-02 1.239138124432305754e-01 5.717016716782043206e-02 2.118347004617315257e-09 9.643594329068697624e-01
6.571469999890389602e+01 2.207936714264058589e-02 1.239138124432305754e-01 5.717016716782043206e-02 2.118347004617315257e-09 9.643594329068697624e-01
