2.992352648803400825e+03
2.967311080161608970e+03
2.967311080161608970e+03
2.953622339025464498e+03
2.953622339025464498e+03
2.935883031091650082e+03
2.879331347323542559e+03
2.884692424683390072e+03
2.884692424683390072e+03
2.884692424683390072e+03
2.884692424683390072e+03
2.884692424683390072e+03
2.884692424683390072e+03
2.816713280809831758e+03
2.800211581761734578e+03
2.800211581761734578e+03
2.797734609138084124e+03
2.797734609138084124e+03
2.769165461002843585e+03
2.769165461002843585e+03
2.765797479996106176e+03
2.765797479996106176e+03
2.765797479996106176e+03
2.765797479996106176e+03
2.765797479996106176e+03
2.762278837155273322e+03
2.762278837155273322e+03
2.762278837155273322e+03
2.762278837155273322e+03
2.745038954950194693e+03
2.745038954950194693e+03
2.718329450728454049e+03
2.718329450728454049e+03
2.718329450728454049e+03
2.713538409141951888e+03
2.713538409141951888e+03
2.713538409141951888e+03
2.713538409141951888e+03
2.658848089969944340e+03
2.658848089969944340e+03
2.657474737240781451e+03
2.657474737240781451e+03
2.646700668139088066e+03
2.646700668139088066e+03
2.640417721668614831e+03
2.640417721668614831e+03
2.641792815723536478e+03
2.641792815723536478e+03
2.641792815723536478e+03
2.637642450723869388e+03
2.629954341648806349e+03
2.629205924438042985e+03
2.629205924438042985e+03
2.629205924438042985e+03
2.629205924438042985e+03
2.629205924438042985e+03
2.629205924438042985e+03
2.616719498920320802e+03
2.616719498920320802e+03
2.616719498920320802e+03
2.616719498920320802e+03
2.607098443785903783e+03
2.607098443785903783e+03
2.607098443785903783e+03
2.607098443785903783e+03
2.607098443785903783e+03
2.606998530185622712e+03
2.606998530185622712e+03
2.606998530185622712e+03
2.606998530185622712e+03
2.606998530185622712e+03
2.606998530185622712e+03
2.606998530185622712e+03
2.606998530185622712e+03
2.606998530185622712e+03
2.606998530185622712e+03
2.606998530185622712e+03
2.606998530185622712e+03
2.607512474791511977e+03
2.607512474791511977e+03
2.605033406128460683e+03
2.605033406128460683e+03
2.602931365618448581e+03
2.599590068912437800e+03
2.599590068912437800e+03
2.599590068912437800e+03
2.599590068912437800e+03
2.599590068912437800e+03
2.599590068912437800e+03
2.599590068912437800e+03
2.599590068912437800e+03
2.599590068912437800e+03
2.599323982568673728e+03
2.599323982568673728e+03
2.598678646166424187e+03
2.598678646166424187e+03
2.598678646166424187e+03
2.590951077238396010e+03
2.590951077238396010e+03
2.590951077238396010e+03
